# pose from AprilTag0
tag1:
  To_tag0:
  - [0.686205257, -2.13554348e-10, -0.727407964, 1.54503661408]
  - [8.48333269e-11,  1.00000000, -2.13554540e-10, -1.01899997e-02]
  - [0.727407964,  8.48338103e-11,  0.686205257, 6.64314124e-02]
  - [0.0, 0.0, 0.0, 1.0]
  position: 
    x: 1.54503661408
    y: -0.0101899996695
    z: 0.0664314123811
  orientation: 
    x: 8.12421952628e-11
    y: -0.396102728542
    z: 8.12420113822e-11
    w: 0.918206201483

tag2:
  To_tag0:
  - [2.19098404e-01, -3.60285737e-10, -9.75702767e-01, 2.30095549]
  - [3.99542624e-11,  1.00000000, -3.60285769e-10, 4.22000074e-03]
  - [9.75702767e-01,  3.99545526e-11,  2.19098404e-01, 1.30583472]
  - [0.0, 0.0, 0.0, 1.0]
  position: 
    x: 2.30095549221
    y: 0.00422000073977
    z: 1.3058347208
  orientation: 
    x: 1.28161170045e-10
    y: -0.624860622811
    z: 1.28161066829e-10
    w: 0.780736320444

  
tag3:
  To_tag0:
  - [-5.29706653e-01, -4.87713023e-10, -8.48180914e-01, 2.34501624]
  - [-1.39783551e-10,  1.00000000e+00, -4.87712869e-10, 8.68000103e-03]
  - [8.48180914e-01, -1.39783011e-10, -5.29706653e-01, 2.66383657]
  - [0.0, 0.0, 0.0, 1.0]
  position: 
    x: 2.34501624356
    y: 0.00868000102733
    z: 2.6638365704
  orientation: 
    x: 1.79375154487e-10
    y: -0.874558932429
    z: 1.79374955861e-10
    w: 0.484919244522
tag4:
  To_tag0:
  - [-9.26831233e-01, -4.72211800e-10, -3.75478183e-01, 1.35957451]
  - [-3.18188114e-10,  1.00000000, -4.72211505e-10, 8.85000102e-03]
  - [3.75478183e-01, -3.18187676e-10, -9.26831233e-01, 3.62866900]
  - [0.0, 0.0, 0.0, 1.0] 
  position: 
    x: 1.35957451272
    y: 0.00885000102311
    z: 3.62866899588
  orientation: 
    x: 2.01316815648e-10
    y: -0.98153737394
    z: 2.01316628949e-10
    w: 0.191270446123
tag5:
  To_tag0:
  - [-9.80049221e-01, -3.65349665e-10,  1.98754935e-01, 2.27185984e-01]
  - [-4.46880336e-10,  1.00000000, -3.65349723e-10, 1.55000009e-02]
  - [-1.98754935e-01, -4.46880383e-10, -9.80049221e-01, 3.98594742]
  - [0.0, 0.0, 0.0, 1.0] 
  position: 
    x: 0.227185984445
    y: 0.0155000008641
    z: 3.98594741568
  orientation: 
    x: 2.04077929902e-10
    y: -0.994999804284
    z: 2.04077956248e-10
    w: -0.0998768715726

tag6:
  To_tag0:
  - [-6.93639168e-01, -1.99630644e-10,  7.20322639e-01, -8.76382549e-01]
  - [-4.95111911e-10,  1.00000000, -1.99630501e-10, -1.08499995e-02]
  - [-7.20322639e-01, -4.95111853e-10, -6.93639168e-01, 3.32185152]
  - [0.0, 0.0, 0.0, 1.0] 
  position: 
    x: -0.876382548515
    y: -0.0108499994984
    z: 3.32185152168
  orientation: 
    x: 1.88741961296e-10
    y: -0.920228006558
    z: 1.88741906652e-10
    w: -0.391382697556

tag7:
  To_tag0:
  - [7.32307155e-02,  1.44692226e-11,  9.97315027e-01, -1.41214709]
  - [-3.94636391e-10,  1.00000000e+00,  1.44691319e-11, -6.79599998e-02]
  - [-9.97315027e-01, -3.94636388e-10,  7.32307155e-02, 2.27984056]
  - [0.0, 0.0, 0.0, 1.0]
  position:
    x: -1.41214709197
    y: -0.067959999822
    z: 2.27984055974
  orientation:
    x: -1.39618767069e-10
    y: 0.680723616645
    z: -1.39618799161e-10
    w: 0.73254034547


tag8:
  To_tag0:
  - [6.68326163e-01,  8.45426671e-11,  7.43868362e-01, -1.18049190]
  - [-2.20597453e-10,  1.00000000e+00,  8.45423532e-11, -5.75200001e-02]
  - [-7.43868362e-01, -2.20597332e-10,  6.68326163e-01, 8.88808151e-01]
  - [0.0, 0.0, 0.0, 1.0] 
  position: 
    x: -1.18049189569
    y: -0.0575200000598
    z: 0.888808150954
  orientation: 
    x: -8.35243723143e-11
    y: 0.407230792919
    z: -8.35244911429e-11
    w: 0.91332528778
